1757609097136 0.2094300573428472 1
1757609111801 0.06203452185491721 2
1757609126937 0.04854796417206526 3
1757609142013 0.041543458697199824 4
1757609157644 0.0376644065991044 5
1757609172809 0.03479389855278035 6
1757609188489 0.030983494069675606 7
1757609204207 0.02891024401138226 8
1757609219488 0.027915938438661397 9
1757609234431 0.026593598983685175 10
1757609249850 0.024892688029011092 11
1757609265288 0.023557836484660706 12
1757609280882 0.02351930243850996 13
1757609296659 0.022080840785056354 14
1757609326120 0.020822412909939886 15
