1757609097144 0.07262519747018814 1
1757609111814 0.021067770197987556 2
1757609126946 0.03603815659880638 3
1757609142023 0.05100002512335777 4
1757609157657 0.08946917206048965 5
1757609172818 0.003118234919384122 6
1757609188505 0.01149976160377264 7
1757609204219 0.02951943315565586 8
1757609219498 0.0017580335261300206 9
1757609234441 0.005280073266476393 10
1757609249860 0.0120777552947402 11
1757609265298 0.005756659433245659 12
1757609280894 0.0015431366628035903 13
1757609300458 0.0026663988828659058 14
1757609326153 0.008725793100893497 15
