1757609970838 0.11856857687234879 1
1757609985567 0.0650094673037529 2
1757610001243 0.04546616971492767 3
1757610016896 0.08639830350875854 4
1757610032859 0.0649392232298851 5
1757610048953 0.022597014904022217 6
1757610065128 0.016848692670464516 7
1757610081072 0.04599770903587341 8
1757610096282 0.00612436980009079 9
1757610111955 0.012699402868747711 10
1757610127253 0.0468490906059742 11
1757610142961 0.02585609443485737 12
1757610158926 0.009010617621243 13
1757610175356 0.01031749602407217 14
1757610192015 0.010816901922225952 15
