1757609970825 0.5606645418604215 1
1757609985555 0.09196235599517823 2
1757610001234 0.06517533473968506 3
1757610016887 0.0535052641193072 4
1757610032850 0.04780886362095674 5
1757610048945 0.0436161609907945 6
1757610065119 0.03889986665248871 7
1757610081063 0.03643488742212454 8
1757610096269 0.03430876999894778 9
1757610111941 0.0332366338133812 10
1757610127244 0.0322497205371658 11
1757610142953 0.029402551115552584 12
1757610158913 0.0290205126474301 13
1757610175345 0.027647688647607964 14
1757610192004 0.027163378563026586 15
