1757609576309 0.3441486358642578 1
1757609591521 0.2235037088394165 2
1757609606835 0.13773877918720245 3
1757609622042 0.13443665206432343 4
1757609637619 0.13053594529628754 5
1757609653173 0.055005114525556564 6
1757609668523 0.05752556398510933 7
1757609683434 0.09661255031824112 8
1757609698770 0.04957959055900574 9
1757609714265 0.06309527158737183 10
1757609729504 0.04368775710463524 11
1757609745524 0.06077294424176216 12
1757609761046 0.04405546560883522 13
1757609776319 0.03432623669505119 14
1757609791409 0.043819624930620193 15
