1757609576300 0.9848329552968343 1
1757609591513 0.24912653198242188 2
1757609606820 0.16353334793249766 3
1757609622033 0.1291154673655828 4
1757609637610 0.11123323961893718 5
1757609653164 0.09958869127631187 6
1757609668510 0.08958584626317025 7
1757609683426 0.08460637800693512 8
1757609698761 0.07757662018537521 9
1757609714257 0.07365376196702321 10
1757609729491 0.07062049351731936 11
1757609745506 0.066333011307319 12
1757609761037 0.06390660301248233 13
1757609776308 0.06165029306213061 14
1757609791400 0.05835989964604378 15
