1757608564828 0.1902375118513902 1
1757608575324 0.0545573012560606 2
1757608586049 0.04065995245923599 3
1757608596958 0.03355534079770247 4
1757608607817 0.02820848415493965 5
1757608618573 0.02548996013154586 6
1757608629345 0.022366036292910577 7
1757608640140 0.01983017804250121 8
1757608650898 0.018080026362712186 9
1757608661881 0.016372716176261504 10
1757608672755 0.015202685836702584 11
1757608683614 0.013072327059010664 12
1757608694357 0.01185391573285063 13
1757608705058 0.011045913136253754 14
1757608716025 0.010317128287255764 15
