1757608564837 0.03550363704562187 1
1757608575335 0.01699071191251278 2
1757608586060 0.01273823156952858 3
1757608596969 0.013738350011408329 4
1757608607828 0.06397564709186554 5
1757608618582 0.0073087867349386215 6
1757608629355 0.005353931337594986 7
1757608640149 0.0450102835893631 8
1757608650913 0.002207123441621661 9
1757608661893 0.017572244629263878 10
1757608672766 0.025684786960482597 11
1757608683624 0.007435239385813475 12
1757608694367 0.0007063038647174835 13
1757608705070 0.0020084232091903687 14
1757608716034 0.009812955744564533 15
