1757712296641 0.5016064241449039 1
1757712325689 0.07956664009094239 2
1757712358554 0.05641525197426478 3
1757712399697 0.04613299062649409 4
1757712442615 0.040662843241294225 5
1757712483045 0.03781231674104929 6
1757712522861 0.036130810839682816 7
1757712563451 0.03288992698838313 8
1757712604361 0.031024309015025696 9
1757712643833 0.029674955640733244 10
1757712683501 0.028207210888465246 11
1757712723886 0.026648089498529832 12
1757712757515 0.027908884042004745 13
1757712785233 0.026136429141958555 14
1757712819646 0.02386899757447342 15
1757712861737 0.023620966003338496 16
1757712903196 0.02360436420738697 17
1757712943946 0.023141845071067414 18
1757712985321 0.021906512452165287 19
1757713025331 0.021272930391629537 20
1757713062331 0.020885186745847266 21
1757713092418 0.019718690465639035 22
1757713126535 0.020249258498599133 23
1757713165883 0.02011142748494943 24
1757713203298 0.02052602218799293 25
