1757712296662 0.11040275543928146 1
1757712325701 0.051938146352767944 2
1757712358576 0.031498149037361145 3
1757712399718 0.09546171873807907 4
1757712442636 0.08710641413927078 5
1757712483069 0.016783958300948143 6
1757712522883 0.005790931638330221 7
1757712563471 0.01336277648806572 8
1757712604393 0.005403061863034964 9
1757712643855 0.024381928145885468 10
1757712683520 0.021061621606349945 11
1757712723904 0.004241206217557192 12
1757712757527 0.0036933710798621178 13
1757712785245 0.014798852615058422 14
1757712819667 0.005661290138959885 15
1757712861760 0.01164343673735857 16
1757712903218 0.08150085061788559 17
1757712943967 0.021828463301062584 18
1757712985346 0.013524514622986317 19
1757713025357 0.01769120804965496 20
1757713062350 0.05079874396324158 21
1757713092429 0.004938086029142141 22
1757713126558 0.012641243636608124 23
1757713165901 0.034039512276649475 24
1757713203321 0.04110843315720558 25
