1757712296623 469.0 1
1757712325677 469.0 2
1757712358520 469.0 3
1757712399679 469.0 4
1757712442596 469.0 5
1757712483026 469.0 6
1757712522839 469.0 7
1757712563429 469.0 8
1757712604334 469.0 9
1757712643815 469.0 10
1757712683481 469.0 11
1757712723856 469.0 12
1757712757502 469.0 13
1757712785217 469.0 14
1757712819624 469.0 15
1757712861717 469.0 16
1757712903173 469.0 17
1757712943927 469.0 18
1757712985303 469.0 19
1757713025314 469.0 20
1757713062309 469.0 21
1757713092405 469.0 22
1757713126510 469.0 23
1757713165863 469.0 24
1757713203276 469.0 25
