1757712296591 60000.0 1
1757712325649 60000.0 2
1757712358477 60000.0 3
1757712399636 60000.0 4
1757712442554 60000.0 5
1757712482992 60000.0 6
1757712522794 60000.0 7
1757712563386 60000.0 8
1757712604285 60000.0 9
1757712643778 60000.0 10
1757712683435 60000.0 11
1757712723803 60000.0 12
1757712757467 60000.0 13
1757712785190 60000.0 14
1757712819582 60000.0 15
1757712861676 60000.0 16
1757712903131 60000.0 17
1757712943885 60000.0 18
1757712985262 60000.0 19
1757713025270 60000.0 20
1757713062261 60000.0 21
1757713092381 60000.0 22
1757713126467 60000.0 23
1757713165817 60000.0 24
1757713203235 60000.0 25
