1757712296608 1.0 1
1757712325661 2.0 2
1757712358497 3.0 3
1757712399659 4.0 4
1757712442578 5.0 5
1757712483008 6.0 6
1757712522815 7.0 7
1757712563406 8.0 8
1757712604310 9.0 9
1757712643796 10.0 10
1757712683458 11.0 11
1757712723827 12.0 12
1757712757483 13.0 13
1757712785204 14.0 14
1757712819605 15.0 15
1757712861702 16.0 16
1757712903150 17.0 17
1757712943906 18.0 18
1757712985277 19.0 19
1757713025295 20.0 20
1757713062282 21.0 21
1757713092393 22.0 22
1757713126487 23.0 23
1757713165841 24.0 24
1757713203255 25.0 25
