1757610376595 0.08116061240434647 1
1757610399407 0.049959879368543625 2
1757610422171 0.04000704362988472 3
1757610444857 0.03593038395047188 4
1757610467480 0.07316805422306061 5
1757610489385 0.04596033692359924 6
1757610511790 0.004826079122722149 7
1757610535985 0.031318046152591705 8
1757610559391 0.009006580337882042 9
1757610582188 0.025368191301822662 10
1757610604915 0.017383016645908356 11
1757610626660 0.035614024847745895 12
1757610649530 0.009503079578280449 13
1757610671895 0.01814563013613224 14
1757610694347 0.009213789366185665 15
