1757610376584 0.4707572795271873 1
1757610399397 0.08515677864750226 2
1757610422162 0.06337434602379799 3
1757610444849 0.05098756537040074 4
1757610467469 0.04526428578297297 5
1757610489376 0.041248240906000135 6
1757610511781 0.03810724119444688 7
1757610535974 0.03576796368211508 8
1757610559379 0.03326759537706773 9
1757610582179 0.0334127978036801 10
1757610604906 0.031210191620886327 11
1757610626649 0.028677844234804312 12
1757610649521 0.02806357125590245 13
1757610671882 0.02811136268178622 14
1757610694338 0.026304918911556403 15
