1757606015764 0.10575509071350098 1
1757606058114 0.043222825974226 2
1757606099703 0.10635372996330261 3
1757606138616 0.01065062452107668 4
1757606178977 0.08212168514728546 5
1757606218053 0.014233824796974659 6
1757606259423 0.004663130734115839 7
1757606300250 0.03532160446047783 8
1757606339860 0.00040138873737305403 9
1757606381206 0.010259217582643032 10
1757606421745 0.05737448111176491 11
1757606462475 0.00898189190775156 12
1757606502803 0.011333063244819641 13
1757606544184 0.0017244367627426982 14
1757606585425 0.004032621625810862 15
