1757606015746 0.8335764583190283 1
1757606058104 0.10401666383544604 2
1757606099689 0.07398146600325903 3
1757606138602 0.060117328386008737 4
1757606178968 0.050439338260889054 5
1757606218041 0.04329585680564245 6
1757606259409 0.038689487803230685 7
1757606300240 0.03488372014562289 8
1757606339849 0.03144381158631295 9
1757606381184 0.0288283327827851 10
1757606421731 0.02579957295755545 11
1757606462465 0.024139908976107835 12
1757606502793 0.02134366568972667 13
1757606544170 0.01882595695440347 14
1757606585412 0.017304344921124478 15
