1757604438692 0.050533879548311234 1
1757604447194 0.009185328148305416 2
1757604455326 0.013602466322481632 3
1757604464058 0.01937601901590824 4
1757604472998 0.0720609575510025 5
1757604481884 0.010651218704879284 6
1757604490672 0.0018655871972441673 7
1757604499612 0.041352976113557816 8
1757604508535 0.00021929472859483212 9
1757604517380 0.002270196797326207 10
1757604526322 0.025356566533446312 11
1757604535274 0.0006229683640412986 12
1757604545034 0.0004243080038577318 13
1757604554336 0.0005759047926403582 14
1757604563603 0.006891483906656504 15
