1757604438682 0.25226273110906283 1
1757604447184 0.05586252978295088 2
1757604455316 0.03891282587299744 3
1757604464047 0.029742854379614193 4
1757604472987 0.023627192446092765 5
1757604481875 0.01845629952525099 6
1757604490661 0.014598886433367929 7
1757604499598 0.012278481816065808 8
1757604508525 0.010255080298621518 9
1757604517365 0.0077724221927113835 10
1757604526311 0.007631212723907084 11
1757604535263 0.005779351632110775 12
1757604545023 0.0044069334216648715 13
1757604554326 0.003385305317429205 14
1757604563594 0.002876525203526641 15
