1757608200392 1.914085735766093 1
1757608209324 0.2946820445815722 2
1757608218140 0.14988107311725615 3
1757608227616 0.10557104471127192 4
1757608237249 0.08403978258371353 5
1757608246505 0.07208077295223872 6
1757608255547 0.0616066553508242 7
1757608264646 0.05703831227024396 8
1757608273725 0.053786412355179586 9
1757608283173 0.048924557073414324 10
1757608292308 0.046195342897375424 11
1757608301337 0.042603081365426385 12
1757608311916 0.04043133252610763 13
1757608323149 0.03741903600494067 14
1757608332875 0.0357782159956793 15
