1757608200406 0.463950514793396 1
1757608209340 0.11803076416254044 2
1757608218151 0.0943288505077362 3
1757608227629 0.1527220755815506 4
1757608237264 0.13803188502788544 5
1757608246519 0.04301926866173744 6
1757608255556 0.01510255690664053 7
1757608264656 0.08272158354520798 8
1757608273746 0.003702721791341901 9
1757608283185 0.019325027242302895 10
1757608292317 0.07130446285009384 11
1757608301349 0.040622323751449585 12
1757608311926 0.010902083478868008 13
1757608323167 0.018557509407401085 14
1757608332884 0.012243486940860748 15
